date,day,personnel,daily_KIA,personnel*,POW
2022-02-25,2,2800,2800,about,0
2022-02-26,3,4300,1500,about,0
2022-02-27,4,4500,200,about,0
2022-02-28,5,5300,800,about,0
2022-03-01,6,5710,410,about,200
2022-03-02,7,5840,130,about,200
2022-03-03,8,9000,3160,about,200
2022-03-04,9,9166,166,about,200
2022-03-05,10,10000,834,about,216
2022-03-06,11,11000,1000,about,232
2022-03-07,12,11000,0,more,259
2022-03-08,13,12000,1000,about,284
2022-03-09,14,12000,0,about,360
2022-03-10,15,12000,0,more,371
2022-03-11,16,12000,0,more,389
2022-03-12,17,12000,0,more,389
2022-03-13,18,12000,0,more,389
2022-03-14,19,12000,0,more,389
2022-03-15,20,13500,1500,about,389
2022-03-16,21,13800,300,about,389
2022-03-17,22,14000,200,about,405
2022-03-18,23,14200,200,about,405
2022-03-19,24,14400,200,about,405
2022-03-20,25,14700,300,about,405
2022-03-21,26,15000,300,about,405
2022-03-22,27,15300,300,about,411
2022-03-23,28,15600,300,about,412
2022-03-24,29,15800,200,about,412
2022-03-25,30,16100,300,about,412
2022-03-26,31,16400,300,about,412
2022-03-27,32,16600,200,about,421
2022-03-28,33,17000,400,about,421
2022-03-29,34,17200,200,about,430
2022-03-30,35,17300,100,about,430
2022-03-31,36,17500,200,about,459
2022-04-01,37,17700,200,about,459
2022-04-02,38,17800,100,about,460
2022-04-03,39,18000,200,about,460
2022-04-04,40,18300,300,about,460
2022-04-05,41,18500,200,about,467
2022-04-06,42,18600,100,about,467
2022-04-07,43,18900,300,about,467
2022-04-08,44,19000,100,about,467
2022-04-09,45,19100,100,about,467
2022-04-10,46,19300,200,about,467
2022-04-11,47,19500,200,about,467
2022-04-12,48,19600,100,about,477
2022-04-13,49,19800,200,about,477
2022-04-14,50,19900,100,about,477
2022-04-15,51,20000,100,about,477
2022-04-16,52,20100,100,about,477
2022-04-17,53,20300,200,about,477
2022-04-18,54,20600,300,about,477
2022-04-19,55,20800,200,about,489
2022-04-20,56,20900,100,about,489
2022-04-21,57,21000,100,about,489
2022-04-22,58,21200,200,about,489
2022-04-23,59,21600,400,about,489
2022-04-24,60,21800,200,about,489
2022-04-25,61,21900,100,about,489
2022-04-26,62,22100,200,about,489
2022-04-27,63,22400,300,about,496
2022-04-28,64,22800,400,about,
2022-04-29,65,23000,200,about,
2022-04-30,66,23200,200,about,
2022-05-01,67,23500,300,about,
2022-05-02,68,23800,300,about,
2022-05-03,69,24200,400,about,
2022-05-04,70,24500,300,about,
2022-05-05,71,24700,200,about,
2022-05-06,72,24900,200,about,
2022-05-07,73,25100,200,about,
2022-05-08,74,25500,400,about,
2022-05-09,75,25650,150,about,
2022-05-10,76,26000,350,about,
2022-05-11,77,26350,350,about,
2022-05-12,78,26650,300,about,
2022-05-13,79,26900,250,about,
2022-05-14,80,27200,300,about,
2022-05-15,81,27400,200,about,
2022-05-16,82,27700,300,about,
2022-05-17,83,27900,200,about,
2022-05-18,84,28300,400,about,
2022-05-19,85,28500,200,about,
2022-05-20,86,28700,200,about,
2022-05-21,87,28850,150,about,
2022-05-22,88,29050,200,about,
2022-05-23,89,29200,150,about,
2022-05-24,90,29350,150,about,
2022-05-25,91,29450,100,about,
2022-05-26,92,29600,150,about,
2022-05-27,93,29750,150,about,
2022-05-28,94,30000,250,about,
2022-05-29,95,30150,150,about,
2022-05-30,96,30350,200,about,
2022-05-31,97,30500,150,about,
2022-06-01,98,30700,200,about,
2022-06-02,99,30850,150,about,
2022-06-03,100,30950,100,about,
2022-06-04,101,31050,100,about,
2022-06-05,102,31150,100,about,
2022-06-06,103,31250,100,about,
2022-06-07,104,31360,110,about,
2022-06-08,105,31500,140,about,
2022-06-09,106,31700,200,about,
2022-06-10,107,31900,200,about,
2022-06-11,108,32050,150,about,
2022-06-12,109,32150,100,about,
2022-06-13,110,32300,150,about,
2022-06-14,111,32500,200,about,
2022-06-15,112,32750,250,about,
2022-06-16,113,32950,200,about,
2022-06-17,114,33150,200,about,
2022-06-18,115,33350,200,about,
2022-06-19,116,33600,250,about,
2022-06-20,117,33800,200,about,
2022-06-21,118,34100,300,about,
2022-06-22,119,34230,130,about,
2022-06-23,120,34430,200,about,
2022-06-24,121,34530,100,about,
2022-06-25,122,34700,170,about,
2022-06-26,123,34850,150,about,
2022-06-27,124,35000,150,about,
2022-06-28,125,35250,250,about,
2022-06-29,126,35450,200,about,
2022-06-30,127,35600,150,about,
2022-07-01,128,35750,150,about,
2022-07-02,129,35870,120,about,
2022-07-03,130,35970,100,about,
2022-07-04,131,36200,230,about,
2022-07-05,132,36350,150,about,
2022-07-06,133,36500,150,about,
2022-07-07,134,36650,150,about,
2022-07-08,135,36900,250,about,
2022-07-09,136,37200,300,about,
2022-07-10,137,37300,100,about,
2022-07-11,138,37400,100,about,
2022-07-12,139,37470,70,about,
2022-07-13,140,37570,100,about,
2022-07-14,141,37870,300,about,
2022-07-15,142,38000,130,about,
2022-07-16,143,38140,140,about,
2022-07-17,144,38300,160,about,
2022-07-18,145,38450,150,about,
2022-07-19,146,38550,100,about,
2022-07-20,147,38750,200,about,
2022-07-21,148,38850,100,about,
2022-07-22,149,39000,150,about,
2022-07-23,150,39240,240,about,
2022-07-24,151,39520,280,about,
2022-07-25,152,39700,180,about,
2022-07-26,153,39870,170,about,
2022-07-27,154,40070,200,about,
2022-07-28,155,40230,160,about,
2022-07-29,156,40500,270,about,
2022-07-30,157,40670,170,about,
2022-07-31,158,40830,160,about,
2022-08-01,159,41030,200,about,
2022-08-02,160,41170,140,about,
2022-08-03,161,41350,180,about,
2022-08-04,162,41500,150,about,
2022-08-05,163,41650,150,about,
2022-08-06,164,41900,250,about,
2022-08-07,165,42200,300,about,
2022-08-08,166,42340,140,about,
2022-08-09,167,42640,300,about,
2022-08-10,168,42800,160,about,
2022-08-11,169,43000,200,about,
2022-08-12,170,43200,200,about,
2022-08-13,171,43400,200,about,
2022-08-14,172,43550,150,about,
2022-08-15,173,43750,200,about,
2022-08-16,174,43900,150,about,
2022-08-17,175,44100,200,about,
2022-08-18,176,44300,200,about,
2022-08-19,177,44700,400,about,
2022-08-20,178,44900,200,about,
2022-08-21,179,45200,300,about,
2022-08-22,180,45400,200,about,
2022-08-23,181,45550,150,about,
2022-08-24,182,45700,150,about,
2022-08-25,183,45850,150,about,
2022-08-26,184,46250,400,about,
2022-08-27,185,46500,250,about,
2022-08-28,186,46750,250,about,
2022-08-29,187,47100,350,about,
2022-08-30,188,47550,450,about,
2022-08-31,189,47900,350,about,
2022-09-01,190,48350,450,about,
2022-09-02,191,48700,350,about,
2022-09-03,192,49050,350,about,
2022-09-04,193,49500,450,about,
2022-09-05,194,49800,300,about,
2022-09-06,195,50150,350,about,
2022-09-07,196,50610,460,about,
2022-09-08,197,51250,640,about,
2022-09-09,198,51900,650,about,
2022-09-10,199,52250,350,about,
2022-09-11,200,52650,400,about,
2022-09-12,201,52950,300,about,
2022-09-13,202,53300,350,about,
2022-09-14,203,53650,350,about,
2022-09-15,204,53850,200,about,
2022-09-16,205,54050,200,about,
2022-09-17,206,54250,200,about,
2022-09-18,207,54480,230,about,
2022-09-19,208,54650,170,about,
2022-09-20,209,54810,160,about,
2022-09-21,210,55110,300,about,
2022-09-22,211,55510,400,about,
2022-09-23,212,56060,550,about,
2022-09-24,213,56300,240,about,
2022-09-25,214,56700,400,about,
2022-09-26,215,57200,500,about,
2022-09-27,216,57750,550,about,
2022-09-28,217,58150,400,about,
2022-09-29,218,58580,430,about,
2022-09-30,219,59080,500,about,
2022-10-01,220,59610,530,about,
2022-10-02,221,60110,500,about,
2022-10-03,222,60430,320,about,
2022-10-04,223,60800,370,about,
2022-10-05,224,61000,200,about,
2022-10-06,225,61330,330,about,
2022-10-07,226,61680,350,about,
2022-10-08,227,62060,380,about,
2022-10-09,228,62500,440,about,
2022-10-10,229,62870,370,about,
2022-10-11,230,63110,240,about,
2022-10-12,231,63380,270,about,
2022-10-13,232,63800,420,about,
2022-10-14,233,64300,500,about,
2022-10-15,234,64700,400,about,
2022-10-16,235,65000,300,about,
2022-10-17,236,65320,320,about,
2022-10-18,237,65850,530,about,
2022-10-19,238,66280,430,about,
2022-10-20,239,66650,370,about,
2022-10-21,240,66750,100,about,
2022-10-22,241,67070,320,about,
2022-10-23,242,67470,400,about,
2022-10-24,243,67940,470,about,
2022-10-25,244,68420,480,about,
2022-10-26,245,68900,480,about,
2022-10-27,246,69220,320,about,
2022-10-28,247,69700,480,about,
2022-10-29,248,70250,550,about,
2022-10-30,249,71200,950,about,
2022-10-31,250,71820,620,about,
2022-11-01,251,72470,650,about,
2022-11-02,252,73270,800,about,
2022-11-03,253,74000,730,about,
2022-11-04,254,74840,840,about,
2022-11-05,255,75440,600,about,
2022-11-06,256,75930,490,about,
2022-11-07,257,76460,530,about,
2022-11-08,258,77170,710,about,
2022-11-09,259,77950,780,about,
2022-11-10,260,78690,740,about,
2022-11-11,261,79400,710,about,
2022-11-12,262,80210,810,about,
2022-11-13,263,80860,650,about,
2022-11-14,264,81370,510,about,
2022-11-15,265,82080,710,about,
2022-11-16,266,82710,630,about,
2022-11-17,267,83110,400,about,
2022-11-18,268,83460,350,about,
2022-11-19,269,83880,420,about,
2022-11-20,270,84210,330,about,
2022-11-21,271,84600,390,about,
2022-11-22,272,85000,400,about,
2022-11-23,273,85410,410,about,
2022-11-24,274,85720,310,about,
2022-11-25,275,86150,430,about,
2022-11-26,276,86710,560,about,
2022-11-27,277,87310,600,about,
2022-11-28,278,87900,590,about,
2022-11-29,279,88380,480,about,
2022-11-30,280,88880,500,about,
2022-12-01,281,89440,560,about,
2022-12-02,282,90090,650,about,
2022-12-03,283,90600,510,about,
2022-12-04,284,91150,550,about,
2022-12-05,285,91690,540,about,
2022-12-06,286,92200,510,about,
2022-12-07,287,92740,540,about,
2022-12-08,288,93080,340,about,
2022-12-09,289,93390,310,about,
2022-12-10,290,93760,370,about,
2022-12-11,291,94140,380,about,
2022-12-12,292,94760,620,about,
2022-12-13,293,95260,500,about,
2022-12-14,294,96000,740,about,
2022-12-15,295,96590,590,about,
2022-12-16,296,97270,680,about,
2022-12-17,297,97690,420,about,
2022-12-18,298,98280,590,about,
2022-12-19,299,98800,520,about,
2022-12-20,300,99230,430,about,
2022-12-21,301,99740,510,about,
2022-12-22,302,100400,660,about,
2022-12-23,303,100950,550,about,
2022-12-24,304,101430,480,about,
2022-12-25,305,102050,620,about,
2022-12-26,306,102600,550,about,
2022-12-27,307,103220,620,about,
2022-12-28,308,103770,550,about,
2022-12-29,309,104560,790,about,
2022-12-30,310,105250,690,about,
2022-12-31,311,105960,710,about,
2023-01-01,312,106720,760,about,
2023-01-02,313,107440,720,about,
2023-01-03,314,108190,750,about,
2023-01-04,315,108910,720,about,
2023-01-05,316,109720,810,about,
2023-01-06,317,110250,530,about,
2023-01-07,318,110740,490,about,
2023-01-08,319,111170,430,about,
2023-01-09,320,111760,590,about,
2023-01-10,321,112470,710,about,
2023-01-11,322,112960,490,about,
2023-01-12,323,113390,430,about,
2023-01-13,324,114130,740,about,
2023-01-14,325,114660,530,about,
2023-01-15,326,115290,630,about,
2023-01-16,327,116080,790,about,
2023-01-17,328,116950,870,about,
2023-01-18,329,117770,820,about,
2023-01-19,330,118530,760,about,
2023-01-20,331,119300,770,about,
2023-01-21,332,120160,860,about,
2023-01-22,333,120760,600,about,
2023-01-23,334,121480,720,about,
2023-01-24,335,122170,690,about,
2023-01-25,336,123080,910,about,
2023-01-26,337,123860,780,about,
2023-01-27,338,124710,850,about,
2023-01-28,339,125510,800,about,
2023-01-29,340,126160,650,about,
2023-01-30,341,126650,490,about,
2023-01-31,342,127500,850,about,
2023-02-01,343,128420,920,about,
2023-02-02,344,129030,610,about,
2023-02-03,345,129870,840,about,
2023-02-04,346,130590,720,about,
2023-02-05,347,131290,700,about,
2023-02-06,348,132160,870,about,
2023-02-07,349,133190,1030,about,
2023-02-08,350,134100,910,about,
2023-02-09,351,135010,910,about,
2023-02-10,352,135740,730,about,
2023-02-11,353,136880,1140,about,
2023-02-12,354,137780,900,about,
2023-02-13,355,138340,560,about,
2023-02-14,356,139080,740,about,
2023-02-15,357,139770,690,about,
2023-02-16,358,140460,690,about,
2023-02-17,359,141260,800,about,
2023-02-18,360,142270,1010,about,
2023-02-19,361,142860,590,about,
2023-02-20,362,143680,820,about,
2023-02-21,363,144440,760,about,
2023-02-22,364,145060,620,about,
2023-02-23,365,145850,790,about,
2023-02-24,366,146820,970,about,
2023-02-25,367,147470,650,about,
2023-02-26,368,148130,660,about,
2023-02-27,369,148690,560,about,
2023-02-28,370,149240,550,about,
2023-03-01,371,149890,650,about,
2023-03-02,372,150605,715,about,
2023-03-03,373,151370,765,about,
2023-03-04,374,152190,820,about,
2023-03-05,375,153120,930,about,
2023-03-06,376,153770,650,about,
2023-03-07,377,154830,1060,about,
2023-03-08,378,155530,700,about,
2023-03-09,379,156120,590,about,
2023-03-10,380,156990,870,about,
2023-03-11,381,158000,1010,about,
2023-03-12,382,159090,1090,about,
2023-03-13,383,159800,710,about,
2023-03-14,384,160540,740,about,
2023-03-15,385,161520,980,about,
2023-03-16,386,162560,1040,about,
2023-03-17,387,163320,760,about,
2023-03-18,388,164200,880,about,
2023-03-19,389,164910,710,about,
2023-03-20,390,165610,700,about,
2023-03-21,391,166570,960,about,
2023-03-22,392,167490,920,about,
2023-03-23,393,168150,660,about,
2023-03-24,394,169170,1020,about,
2023-03-25,395,169890,720,about,
2023-03-26,396,170550,660,about,
